2.776384
4.018349
3.692005
4.1627
3.924774
3.635918
2.313379
2.607752
2.842141
2.91064
3.065247
2.407378
2.177498
1.944353
1.796527
1.589632
1.466737
1.010041
1.842816
0.4643116
0.7474263
0.8787996
0.2252846
0.02485579
0.2463761
0.4490175
-0.6861694
-1.09534
-1.41077
-0.328147
-0.7723015
-1.013305
-0.8614251
-0.7940146
-2.244009
-0.9565238
-1.444333
-1.450578
-1.727104
-2.31886
-1.650128
-0.8762985
-2.688098
-2.686965
-1.777148
-2.476895
-1.432263
-2.596078
-2.22148
-2.257645
-2.249795
-1.877687
-2.284608
-1.986399
-0.9318685
-1.828568
-1.301247
-1.732016
-1.003733
-0.3318923
-1.574955
-0.7034155
-0.7038596
-1.637005
-0.916029
-0.3997573
-1.158851
0.230697
-0.3743198
0.06654606
-0.3703127
0.8014682
-0.2541866
-0.1885296
0.3098563
0.8161237
1.597268
0.8450202
1.260681
0.7264207
0.4924127
0.8503405
1.208617
0.9670243
0.986317
1.044428
0.6709925
1.596107
1.147997
0.7850896
0.8584374
1.620815
1.307332
1.490035
0.9775577
0.9138113
0.8421261
0.884043
1.741616
0.7556794
1.013016
0.6914466
1.199614
1.76871
0.7973507
-0.7882572
0.05786129
0.1517815
0.632075
0.458514
-0.3727623
0.7815838
0.02691063
-0.672524
-0.4017338
-0.2086392
-0.03104003
0.6315605
-0.6609746
-0.380042
-0.02022244
-0.0231055
-0.7683245
-0.233788
-1.046892
-0.5857652
-0.263077
-0.4472477
-0.5546904
-0.6166924
-1.319121
-0.02351532
-0.5053922
-0.2634336
-1.158725
-1.150153
0.08422251
-0.9477216
-1.781991
-1.350314
-0.8482211
-0.7900369
-0.06048303
-0.9084218
-1.029688
-0.7707003
-0.4826739
-0.7985533
0.126324
-0.5629579
-0.9167344
-0.5495958
-0.1444928
-0.04217378
-0.8052507
-0.2732721
-0.2432174
-0.7416074
0.314038
0.7819963
0.8596469
0.105276
0.7467651
0.6035052
0.2339745
0.8633859
-0.406755
0.5586946
1.20977
0.9583768
0.07893803
-0.4362182
1.064837
1.053762
0.8568651
0.1530568
-0.5935498
0.1883583
0.1622443
0.1752372
-0.1665925
1.433302
0.4512046
0.6030681
0.2787844
1.146747
0.9512153
0.02134971
0.3266208
1.137095
-0.4311426
-0.3299116
0.3113073
0.8021873
0.35725
1.382082
1.675052
0.7211373
-0.06719853
0.6048611
-0.2237073
0.1664899
-0.1410994
0.109232
-0.5576004
-0.4084344
-0.5951927
-0.5854109
0.05623861
-0.1938064
0.8142896
0.7727716
-0.2888706
-1.019752
0.04465521
-0.2995574
-0.8814523
-0.4438873
-0.726387
0.04153806
0.1893662
-1.035776
-0.1857996
0.3113121
-0.98939
0.04861187
0.3147841
-0.2187397
-0.1594714
-0.714886
-0.6187628
-0.4894311
0.3253229
-0.9456954
-0.6367
-0.03343325
-1.061579
-0.1217279
0.04313665
-0.3753769
0.2173855
-0.13927
1.078969
0.1912001
-0.02965237
0.3955454
-0.06353977
0.03035357
0.602267
0.1038737
0.3674065
-0.9215977
0.4309488
-0.5302437
0.4534193
1.410819
0.4018468
0.2140463
-0.5776007
-0.4773807
0.3264223
0.31039
-0.2557274
-0.08388513
-0.6120968
-0.118809
0.01301578
1.04161
0.4160462
0.2426577
0.6448992
0.6594039
0.4333783
0.664745
0.9900771
0.5720113
-0.03853319
-1.394664
0.4862489
-0.5589
0.7264208
-0.1353453
0.09096253
-0.2122007
-0.4915049
0.8591797
-0.04521248
-0.6114322
-0.8154141
-0.06257752
-0.6000442
-0.3352648
0.1695696
-0.3954047
-0.5934686
0.4601932
-0.3818612
1.047983
0.169041
0.2432117
